%YAML:1.0
---
aruco_bc_dict: ARUCO_MIP_36h12
aruco_bc_nmarkers: 24
aruco_bc_mInfoType: 1
aruco_bc_markers:
   - { id:161, corners:[ [ -7.9999998211860657e-02,
       -7.9999998211860657e-02, 0. ], [ -3.9999999105930328e-02,
       -7.9999998211860657e-02, 0. ], [ -3.9999999105930328e-02,
       -1.1999999731779099e-01, 0. ], [ -7.9999998211860657e-02,
       -1.1999999731779099e-01, 0. ] ] }
   - { id:227, corners:[ [ -3.1999997794628143e-02,
       -7.9999998211860657e-02, 0. ], [ 7.9999994486570358e-03,
       -7.9999998211860657e-02, 0. ], [ 7.9999994486570358e-03,
       -1.1999999731779099e-01, 0. ], [ -3.1999997794628143e-02,
       -1.1999999731779099e-01, 0. ] ] }
   - { id:85, corners:[ [ 1.5999998897314072e-02,
       -7.9999998211860657e-02, 0. ], [ 5.5999998003244400e-02,
       -7.9999998211860657e-02, 0. ], [ 5.5999998003244400e-02,
       -1.1999999731779099e-01, 0. ], [ 1.5999998897314072e-02,
       -1.1999999731779099e-01, 0. ] ] }
   - { id:166, corners:[ [ 6.3999995589256287e-02,
       -7.9999998211860657e-02, 0. ], [ 1.0399999469518661e-01,
       -7.9999998211860657e-02, 0. ], [ 1.0399999469518661e-01,
       -1.1999999731779099e-01, 0. ], [ 6.3999995589256287e-02,
       -1.1999999731779099e-01, 0. ] ] }
   - { id:244, corners:[ [ -7.9999998211860657e-02,
       -3.1999997794628143e-02, 0. ], [ -3.9999999105930328e-02,
       -3.1999997794628143e-02, 0. ], [ -3.9999999105930328e-02,
       -7.1999996900558472e-02, 0. ], [ -7.9999998211860657e-02,
       -7.1999996900558472e-02, 0. ] ] }
   - { id:144, corners:[ [ -3.1999997794628143e-02,
       -3.1999997794628143e-02, 0. ], [ 7.9999994486570358e-03,
       -3.1999997794628143e-02, 0. ], [ 7.9999994486570358e-03,
       -7.1999996900558472e-02, 0. ], [ -3.1999997794628143e-02,
       -7.1999996900558472e-02, 0. ] ] }
   - { id:90, corners:[ [ 1.5999998897314072e-02,
       -3.1999997794628143e-02, 0. ], [ 5.5999998003244400e-02,
       -3.1999997794628143e-02, 0. ], [ 5.5999998003244400e-02,
       -7.1999996900558472e-02, 0. ], [ 1.5999998897314072e-02,
       -7.1999996900558472e-02, 0. ] ] }
   - { id:214, corners:[ [ 6.3999995589256287e-02,
       -3.1999997794628143e-02, 0. ], [ 1.0399999469518661e-01,
       -3.1999997794628143e-02, 0. ], [ 1.0399999469518661e-01,
       -7.1999996900558472e-02, 0. ], [ 6.3999995589256287e-02,
       -7.1999996900558472e-02, 0. ] ] }
   - { id:153, corners:[ [ -7.9999998211860657e-02,
       1.5999998897314072e-02, 0. ], [ -3.9999999105930328e-02,
       1.5999998897314072e-02, 0. ], [ -3.9999999105930328e-02,
       -2.4000000208616257e-02, 0. ], [ -7.9999998211860657e-02,
       -2.4000000208616257e-02, 0. ] ] }
   - { id:7, corners:[ [ -3.1999997794628143e-02, 1.5999998897314072e-02,
       0. ], [ 7.9999994486570358e-03, 1.5999998897314072e-02, 0. ], [
       7.9999994486570358e-03, -2.4000000208616257e-02, 0. ], [
       -3.1999997794628143e-02, -2.4000000208616257e-02, 0. ] ] }
   - { id:143, corners:[ [ 1.5999998897314072e-02,
       1.5999998897314072e-02, 0. ], [ 5.5999998003244400e-02,
       1.5999998897314072e-02, 0. ], [ 5.5999998003244400e-02,
       -2.4000000208616257e-02, 0. ], [ 1.5999998897314072e-02,
       -2.4000000208616257e-02, 0. ] ] }
   - { id:219, corners:[ [ 6.3999995589256287e-02,
       1.5999998897314072e-02, 0. ], [ 1.0399999469518661e-01,
       1.5999998897314072e-02, 0. ], [ 1.0399999469518661e-01,
       -2.4000000208616257e-02, 0. ], [ 6.3999995589256287e-02,
       -2.4000000208616257e-02, 0. ] ] }
   - { id:78, corners:[ [ -7.9999998211860657e-02,
       6.3999995589256287e-02, 0. ], [ -3.9999999105930328e-02,
       6.3999995589256287e-02, 0. ], [ -3.9999999105930328e-02,
       2.4000000208616257e-02, 0. ], [ -7.9999998211860657e-02,
       2.4000000208616257e-02, 0. ] ] }
   - { id:159, corners:[ [ -3.1999997794628143e-02,
       6.3999995589256287e-02, 0. ], [ 7.9999994486570358e-03,
       6.3999995589256287e-02, 0. ], [ 7.9999994486570358e-03,
       2.4000000208616257e-02, 0. ], [ -3.1999997794628143e-02,
       2.4000000208616257e-02, 0. ] ] }
   - { id:209, corners:[ [ 1.5999998897314072e-02,
       6.3999995589256287e-02, 0. ], [ 5.5999998003244400e-02,
       6.3999995589256287e-02, 0. ], [ 5.5999998003244400e-02,
       2.4000000208616257e-02, 0. ], [ 1.5999998897314072e-02,
       2.4000000208616257e-02, 0. ] ] }
   - { id:13, corners:[ [ 6.3999995589256287e-02, 6.3999995589256287e-02,
       0. ], [ 1.0399999469518661e-01, 6.3999995589256287e-02, 0. ], [
       1.0399999469518661e-01, 2.4000000208616257e-02, 0. ], [
       6.3999995589256287e-02, 2.4000000208616257e-02, 0. ] ] }
   - { id:247, corners:[ [ -7.9999998211860657e-02,
       1.1199999600648880e-01, 0. ], [ -3.9999999105930328e-02,
       1.1199999600648880e-01, 0. ], [ -3.9999999105930328e-02,
       7.1999996900558472e-02, 0. ], [ -7.9999998211860657e-02,
       7.1999996900558472e-02, 0. ] ] }
   - { id:237, corners:[ [ -3.1999997794628143e-02,
       1.1199999600648880e-01, 0. ], [ 7.9999994486570358e-03,
       1.1199999600648880e-01, 0. ], [ 7.9999994486570358e-03,
       7.1999996900558472e-02, 0. ], [ -3.1999997794628143e-02,
       7.1999996900558472e-02, 0. ] ] }
   - { id:100, corners:[ [ 1.5999998897314072e-02,
       1.1199999600648880e-01, 0. ], [ 5.5999998003244400e-02,
       1.1199999600648880e-01, 0. ], [ 5.5999998003244400e-02,
       7.1999996900558472e-02, 0. ], [ 1.5999998897314072e-02,
       7.1999996900558472e-02, 0. ] ] }
   - { id:6, corners:[ [ 6.3999995589256287e-02, 1.1199999600648880e-01,
       0. ], [ 1.0399999469518661e-01, 1.1199999600648880e-01, 0. ], [
       1.0399999469518661e-01, 7.1999996900558472e-02, 0. ], [
       6.3999995589256287e-02, 7.1999996900558472e-02, 0. ] ] }
   - { id:177, corners:[ [ -7.9999998211860657e-02,
       1.5999999642372131e-01, 0. ], [ -3.9999999105930328e-02,
       1.5999999642372131e-01, 0. ], [ -3.9999999105930328e-02,
       1.1999999731779099e-01, 0. ], [ -7.9999998211860657e-02,
       1.1999999731779099e-01, 0. ] ] }
   - { id:93, corners:[ [ -3.1999997794628143e-02,
       1.5999999642372131e-01, 0. ], [ 7.9999994486570358e-03,
       1.5999999642372131e-01, 0. ], [ 7.9999994486570358e-03,
       1.1999999731779099e-01, 0. ], [ -3.1999997794628143e-02,
       1.1999999731779099e-01, 0. ] ] }
   - { id:86, corners:[ [ 1.5999998897314072e-02, 1.5999999642372131e-01,
       0. ], [ 5.5999998003244400e-02, 1.5999999642372131e-01, 0. ], [
       5.5999998003244400e-02, 1.1999999731779099e-01, 0. ], [
       1.5999998897314072e-02, 1.1999999731779099e-01, 0. ] ] }
   - { id:229, corners:[ [ 6.3999995589256287e-02,
       1.5999999642372131e-01, 0. ], [ 1.0399999469518661e-01,
       1.5999999642372131e-01, 0. ], [ 1.0399999469518661e-01,
       1.1999999731779099e-01, 0. ], [ 6.3999995589256287e-02,
       1.1999999731779099e-01, 0. ] ] }
